Ir75d	3536	1992	1924
Irc	3884	2005	1879
Iris	1	0	1
Ir21a	632	308	324
Irk3	454	227	227
Ir25a	6582	3343	3239
Ir94b	0	0	0
Ir76a	785	455	371
Ir84a	1013	530	483
Ir56d	2	2	0
Ir56a	15	8	7
Ir48b	1	0	1
Ir52c	1	0	1
Ir54a	4	3	1
Ir56b	0	0	0
Ir56c	1	0	1
Ir76b	5596	2862	2735
Ir20a	0	0	0
Ir92a	781	405	376
Irk2	5481	2722	2759
Irp-1A	1383	678	705
Ir85a	20	6	14
Irbp	252	129	123
Ir87a	1	0	1
Ir75c	460	237	223
Ir75a	7770	3909	3861
Ir68b	1	0	1
Ir68a	15	6	9
Ir67a	1	0	1
Irp-1B	2903	1441	1462
Ir94e	2	1	1
Ir94g	0	0	0
Ir41a	48	19	29
Ire1	917	441	477
Ir60e	11	5	7
Ir60a	18	8	15
Ir60d	6	4	3
Ir7d	1	0	1
Ir7c	1	0	1
Ir7g	85	46	39
Ir64a	2876	1444	1432
