Ir20a	1	0	1
Ir7d	0	0	0
Ir7c	3	0	3
Ir94b	0	0	0
Irk2	4085	2047	2038
Irp-1A	871	438	434
Ir85a	0	2	0
Irbp	111	66	45
Ir87a	2	1	1
Irc	2896	1452	1445
Ir92a	386	197	189
Ir84a	395	189	207
Ire1	2186	1133	1125
Irp-1B	1326	655	671
Ir94e	0	0	0
Irk3	174	93	89
Ir25a	1875	916	959
Iris	2	28	31
Ir21a	1202	605	597
Ir7g	1	0	1
Ir60e	0	0	0
Ir56d	0	0	0
Ir56a	4	3	1
Ir48b	0	0	0
Ir52c	0	0	0
Ir54a	7	11	3
Ir56b	2	0	2
Ir56c	0	0	0
Ir60d	7	5	2
Ir76b	4763	2369	2394
Ir75d	1547	1001	939
Ir75c	35	17	18
Ir75a	2449	1246	1203
Ir68b	5	3	2
Ir68a	31	13	18
Ir60a	131	66	66
Ir67a	0	0	0
Ir64a	2091	1022	1069
Ir76a	661	392	380
Ir94g	0	0	0
Ir41a	530	281	249
