Ir75d	1925	1069	1111
Irc	3362	1675	1687
Iris	1	1	0
Ir21a	414	208	206
Irk3	378	212	166
Ir25a	5215	2682	2534
Ir94b	0	0	0
Ir76a	598	324	324
Ir84a	627	320	307
Ir56d	3	1	2
Ir56a	3	2	1
Ir48b	0	0	0
Ir52c	0	0	0
Ir54a	1	0	1
Ir56b	0	0	0
Ir56c	0	0	0
Ir76b	4675	2345	2330
Ir20a	0	0	0
Ir92a	527	271	256
Irk2	5067	2623	2444
Irp-1A	1088	551	537
Ir85a	10	7	3
Irbp	162	71	91
Ir87a	3	3	0
Ir75c	384	194	190
Ir75a	5689	2849	2840
Ir68b	0	0	0
Ir68a	9	3	6
Ir67a	1	0	1
Irp-1B	2312	1190	1122
Ir94e	1	0	1
Ir94g	0	0	0
Ir41a	42	21	21
Ire1	709	343	366
Ir60e	11	5	6
Ir60a	24	15	10
Ir60d	1	1	0
Ir7d	0	0	0
Ir7c	0	0	0
Ir7g	60	34	27
Ir64a	2328	1173	1155
