Ir20a	4	0	4
Ir7d	0	0	0
Ir7c	0	0	0
Ir94b	0	0	0
Irk2	6118	3022	3096
Irp-1A	1237	627	611
Ir85a	0	0	0
Irbp	141	74	67
Ir87a	4	2	3
Irc	4514	2264	2251
Ir92a	472	233	239
Ir84a	507	265	242
Ire1	3053	1555	1590
Irp-1B	2043	1010	1033
Ir94e	0	0	0
Irk3	189	91	105
Ir25a	3082	1534	1548
Iris	3	29	28
Ir21a	1560	762	798
Ir7g	0	0	0
Ir60e	2	2	2
Ir56d	1	0	1
Ir56a	3	1	3
Ir48b	0	0	0
Ir52c	0	0	0
Ir54a	7	3	5
Ir56b	0	0	0
Ir56c	0	0	0
Ir60d	11	7	4
Ir76b	7851	3865	3988
Ir75d	2145	1342	1378
Ir75c	58	30	29
Ir75a	3783	1920	1863
Ir68b	1	0	1
Ir68a	50	19	31
Ir60a	144	72	72
Ir67a	0	0	0
Ir64a	3102	1572	1530
Ir76a	1044	642	592
Ir94g	0	0	0
Ir41a	762	380	382
