Ir20a	2	1	1
Ir7d	0	0	1
Ir7c	1	2	0
Ir94b	0	0	0
Irk2	3980	1989	1991
Irp-1A	783	401	382
Ir85a	0	0	0
Irbp	75	35	40
Ir87a	0	0	0
Irc	2734	1319	1415
Ir92a	377	197	180
Ir84a	387	212	175
Ire1	2119	1157	1039
Irp-1B	1280	617	663
Ir94e	0	0	0
Irk3	157	85	83
Ir25a	1862	938	924
Iris	2	20	35
Ir21a	1134	566	568
Ir7g	0	0	0
Ir60e	2	1	2
Ir56d	1	1	1
Ir56a	9	4	5
Ir48b	0	0	0
Ir52c	0	0	0
Ir54a	14	10	10
Ir56b	0	0	0
Ir56c	0	0	0
Ir60d	4	3	1
Ir76b	4560	2288	2274
Ir75d	1521	961	872
Ir75c	37	19	18
Ir75a	2324	1150	1174
Ir68b	2	3	0
Ir68a	30	18	12
Ir60a	111	53	63
Ir67a	0	0	0
Ir64a	1898	969	929
Ir76a	588	347	365
Ir94g	0	0	0
Ir41a	529	270	259
