Ir75d	2046	1127	1142
Irc	1747	831	916
Iris	0	0	0
Ir21a	300	142	158
Irk3	326	169	157
Ir25a	4202	2110	2092
Ir94b	0	0	0
Ir76a	568	293	303
Ir84a	512	250	262
Ir56d	0	0	0
Ir56a	11	5	6
Ir48b	0	0	0
Ir52c	1	1	0
Ir54a	0	1	0
Ir56b	0	0	0
Ir56c	0	0	0
Ir76b	3837	1922	1915
Ir20a	0	0	0
Ir92a	371	197	174
Irk2	3053	1514	1539
Irp-1A	874	434	440
Ir85a	11	7	4
Irbp	133	64	69
Ir87a	0	0	0
Ir75c	425	200	225
Ir75a	4648	2291	2358
Ir68b	1	0	1
Ir68a	7	4	3
Ir67a	1	1	0
Irp-1B	1682	835	847
Ir94e	1	1	0
Ir94g	1	0	1
Ir41a	54	26	28
Ire1	477	200	277
Ir60e	11	8	3
Ir60a	12	5	7
Ir60d	1	0	1
Ir7d	0	0	0
Ir7c	3	0	3
Ir7g	70	35	35
Ir64a	1943	986	957
