Ir20a	2	1	1
Ir7d	2	1	1
Ir7c	2	2	0
Ir94b	0	0	0
Irk2	4017	2028	1989
Irp-1A	923	461	462
Ir85a	0	2	0
Irbp	123	58	68
Ir87a	1	0	1
Irc	3038	1541	1497
Ir92a	448	236	213
Ir84a	403	205	198
Ire1	2264	1151	1184
Irp-1B	1391	710	681
Ir94e	0	0	0
Irk3	192	99	99
Ir25a	2017	1038	979
Iris	1	25	27
Ir21a	1181	584	597
Ir7g	1	1	0
Ir60e	1	1	0
Ir56d	0	0	0
Ir56a	13	9	4
Ir48b	0	0	0
Ir52c	0	0	0
Ir54a	9	7	8
Ir56b	0	0	0
Ir56c	0	0	1
Ir60d	5	3	2
Ir76b	4966	2485	2481
Ir75d	1589	1006	952
Ir75c	36	20	16
Ir75a	2491	1290	1201
Ir68b	1	0	1
Ir68a	32	20	12
Ir60a	135	65	74
Ir67a	1	0	1
Ir64a	2149	1045	1104
Ir76a	702	424	404
Ir94g	0	0	0
Ir41a	553	270	283
