Ir75d	2471	1311	1415
Irc	1840	948	892
Iris	0	0	0
Ir21a	408	186	222
Irk3	239	126	113
Ir25a	3882	1922	1960
Ir94b	1	1	0
Ir76a	549	306	271
Ir84a	655	333	322
Ir56d	1	0	1
Ir56a	12	5	7
Ir48b	0	0	0
Ir52c	0	0	0
Ir54a	2	0	2
Ir56b	0	0	0
Ir56c	1	1	0
Ir76b	3604	1813	1791
Ir20a	0	0	0
Ir92a	487	234	253
Irk2	2634	1337	1297
Irp-1A	848	404	444
Ir85a	7	4	3
Irbp	138	76	62
Ir87a	2	1	1
Ir75c	385	181	204
Ir75a	4496	2208	2288
Ir68b	0	0	0
Ir68a	9	7	2
Ir67a	0	0	0
Irp-1B	1591	771	820
Ir94e	2	0	2
Ir94g	0	0	0
Ir41a	28	17	11
Ire1	523	257	266
Ir60e	8	3	5
Ir60a	12	8	5
Ir60d	5	1	4
Ir7d	1	0	1
Ir7c	0	0	0
Ir7g	58	28	30
Ir64a	1819	959	860
