Ir75d	1902	1087	1052
Irc	3147	1600	1547
Iris	1	1	0
Ir21a	387	193	194
Irk3	344	170	174
Ir25a	5018	2535	2484
Ir94b	0	0	0
Ir76a	548	315	269
Ir84a	653	321	332
Ir56d	0	0	0
Ir56a	4	3	1
Ir48b	1	1	0
Ir52c	2	0	2
Ir54a	1	1	0
Ir56b	0	0	0
Ir56c	0	0	0
Ir76b	4476	2258	2218
Ir20a	0	0	0
Ir92a	534	283	251
Irk2	4935	2467	2469
Irp-1A	1055	531	524
Ir85a	14	12	2
Irbp	161	70	92
Ir87a	2	1	1
Ir75c	397	196	201
Ir75a	5337	2698	2640
Ir68b	0	0	0
Ir68a	15	5	10
Ir67a	1	0	1
Irp-1B	2229	1134	1095
Ir94e	1	0	1
Ir94g	0	0	0
Ir41a	36	16	20
Ire1	674	333	341
Ir60e	7	5	2
Ir60a	13	8	8
Ir60d	3	2	1
Ir7d	0	0	0
Ir7c	0	0	0
Ir7g	68	39	29
Ir64a	2242	1145	1097
