Ir20a	6	6	0
Ir7d	0	0	0
Ir7c	1	0	1
Ir94b	0	0	0
Irk2	5812	2912	2900
Irp-1A	1165	620	545
Ir85a	0	0	0
Irbp	104	58	46
Ir87a	1	1	1
Irc	4253	2141	2113
Ir92a	468	227	241
Ir84a	478	236	243
Ire1	2900	1447	1556
Irp-1B	2002	970	1032
Ir94e	0	0	0
Irk3	184	101	85
Ir25a	2970	1501	1470
Iris	1	38	32
Ir21a	1573	765	808
Ir7g	1	1	0
Ir60e	2	2	4
Ir56d	0	0	0
Ir56a	2	1	1
Ir48b	0	0	0
Ir52c	0	0	0
Ir54a	13	7	11
Ir56b	2	0	2
Ir56c	0	0	0
Ir60d	7	1	6
Ir76b	7481	3690	3792
Ir75d	2100	1275	1357
Ir75c	44	25	20
Ir75a	3503	1748	1755
Ir68b	0	0	0
Ir68a	48	21	27
Ir60a	135	68	67
Ir67a	0	0	0
Ir64a	3008	1505	1503
Ir76a	1018	585	599
Ir94g	2	0	2
Ir41a	693	321	372
