Ir75d	3249	1854	1783
Irc	3561	1840	1721
Iris	3	3	0
Ir21a	587	302	285
Irk3	412	201	211
Ir25a	6043	3118	2925
Ir94b	0	0	0
Ir76a	693	384	340
Ir84a	936	467	469
Ir56d	0	0	0
Ir56a	19	9	10
Ir48b	0	0	0
Ir52c	1	1	0
Ir54a	1	1	0
Ir56b	3	2	1
Ir56c	0	0	0
Ir76b	5357	2714	2643
Ir20a	1	1	0
Ir92a	781	413	368
Irk2	5170	2655	2515
Irp-1A	1315	667	648
Ir85a	14	9	5
Irbp	225	119	106
Ir87a	0	0	0
Ir75c	453	220	233
Ir75a	7075	3567	3508
Ir68b	0	1	0
Ir68a	19	6	13
Ir67a	0	0	0
Irp-1B	2649	1312	1337
Ir94e	2	0	2
Ir94g	0	0	0
Ir41a	35	20	15
Ire1	901	441	460
Ir60e	9	4	6
Ir60a	27	14	13
Ir60d	4	2	2
Ir7d	3	3	0
Ir7c	0	0	0
Ir7g	75	41	35
Ir64a	2691	1350	1341
