Ir75d	2428	1377	1295
Irc	1761	917	844
Iris	1	1	0
Ir21a	410	187	223
Irk3	255	128	127
Ir25a	3757	1850	1907
Ir94b	0	0	0
Ir76a	556	295	295
Ir84a	642	330	312
Ir56d	3	1	3
Ir56a	15	10	5
Ir48b	1	0	1
Ir52c	1	0	1
Ir54a	2	2	0
Ir56b	0	0	0
Ir56c	1	0	2
Ir76b	3490	1727	1763
Ir20a	1	0	1
Ir92a	424	209	215
Irk2	2557	1302	1255
Irp-1A	830	432	398
Ir85a	12	7	5
Irbp	113	54	59
Ir87a	1	0	1
Ir75c	430	206	224
Ir75a	4285	2135	2150
Ir68b	0	0	0
Ir68a	7	5	3
Ir67a	1	1	0
Irp-1B	1521	730	791
Ir94e	0	0	0
Ir94g	0	0	0
Ir41a	37	12	25
Ire1	544	270	274
Ir60e	4	3	1
Ir60a	11	7	5
Ir60d	3	0	3
Ir7d	1	0	1
Ir7c	2	1	1
Ir7g	62	23	39
Ir64a	1763	882	881
