Ir75d	2076	1159	1176
Irc	1887	928	959
Iris	1	1	0
Ir21a	342	164	178
Irk3	312	148	164
Ir25a	4397	2247	2150
Ir94b	2	1	1
Ir76a	624	328	325
Ir84a	507	260	247
Ir56d	1	1	0
Ir56a	12	3	9
Ir48b	1	0	1
Ir52c	2	1	1
Ir54a	1	0	1
Ir56b	1	1	0
Ir56c	2	1	1
Ir76b	3960	1947	2013
Ir20a	0	0	0
Ir92a	383	183	200
Irk2	3215	1630	1585
Irp-1A	904	459	445
Ir85a	14	8	6
Irbp	132	47	85
Ir87a	2	2	0
Ir75c	396	197	199
Ir75a	4979	2499	2480
Ir68b	0	0	0
Ir68a	5	2	3
Ir67a	0	0	0
Irp-1B	1739	895	845
Ir94e	2	2	0
Ir94g	0	0	0
Ir41a	46	27	19
Ire1	453	233	220
Ir60e	6	3	3
Ir60a	19	12	8
Ir60d	1	0	1
Ir7d	0	0	0
Ir7c	2	0	2
Ir7g	76	37	39
Ir64a	2041	1044	997
