Ir75d	3400	1872	1932
Irc	3694	1877	1817
Iris	3	2	1
Ir21a	701	344	357
Irk3	417	232	185
Ir25a	6284	3104	3180
Ir94b	0	0	0
Ir76a	739	392	387
Ir84a	1028	518	510
Ir56d	0	0	0
Ir56a	12	8	4
Ir48b	0	0	0
Ir52c	2	1	1
Ir54a	3	2	1
Ir56b	0	0	0
Ir56c	0	0	0
Ir76b	5220	2625	2595
Ir20a	0	0	0
Ir92a	835	417	418
Irk2	5286	2649	2637
Irp-1A	1311	679	632
Ir85a	9	4	5
Irbp	235	115	120
Ir87a	3	3	0
Ir75c	441	208	233
Ir75a	7422	3689	3733
Ir68b	1	0	1
Ir68a	20	10	10
Ir67a	1	0	1
Irp-1B	2726	1385	1341
Ir94e	0	0	0
Ir94g	0	0	0
Ir41a	42	22	20
Ire1	867	422	445
Ir60e	14	6	9
Ir60a	27	15	17
Ir60d	3	0	3
Ir7d	2	1	1
Ir7c	1	1	0
Ir7g	90	43	47
Ir64a	2766	1399	1367
