Ir75d	2204	1256	1210
Irc	1967	972	995
Iris	0	0	0
Ir21a	390	200	190
Irk3	328	173	155
Ir25a	4543	2275	2268
Ir94b	0	0	0
Ir76a	610	321	332
Ir84a	551	284	267
Ir56d	2	0	2
Ir56a	9	2	7
Ir48b	1	0	1
Ir52c	1	0	1
Ir54a	5	3	2
Ir56b	0	0	0
Ir56c	1	1	0
Ir76b	3989	2038	1951
Ir20a	0	0	0
Ir92a	448	217	231
Irk2	3233	1614	1620
Irp-1A	895	411	484
Ir85a	14	6	8
Irbp	141	77	64
Ir87a	3	2	1
Ir75c	416	193	223
Ir75a	5059	2566	2493
Ir68b	0	0	0
Ir68a	6	3	3
Ir67a	2	2	0
Irp-1B	1882	938	944
Ir94e	0	0	0
Ir94g	0	0	0
Ir41a	39	23	16
Ire1	540	275	266
Ir60e	3	2	1
Ir60a	12	2	11
Ir60d	0	0	0
Ir7d	0	0	0
Ir7c	1	0	1
Ir7g	89	54	37
Ir64a	2132	1040	1092
