Ir75d	1999	1101	1173
Irc	3289	1706	1583
Iris	1	0	1
Ir21a	394	213	181
Irk3	401	200	201
Ir25a	5187	2586	2601
Ir94b	0	0	0
Ir76a	560	293	312
Ir84a	650	335	315
Ir56d	0	0	0
Ir56a	7	1	6
Ir48b	0	0	0
Ir52c	0	0	0
Ir54a	1	0	1
Ir56b	1	0	1
Ir56c	0	0	0
Ir76b	4843	2387	2456
Ir20a	1	1	0
Ir92a	544	264	280
Irk2	5050	2573	2477
Irp-1A	1078	527	551
Ir85a	23	14	9
Irbp	149	82	67
Ir87a	1	1	0
Ir75c	365	171	194
Ir75a	5681	2877	2804
Ir68b	0	0	0
Ir68a	9	4	5
Ir67a	4	2	2
Irp-1B	2264	1138	1126
Ir94e	1	0	1
Ir94g	0	0	0
Ir41a	41	22	19
Ire1	660	340	320
Ir60e	13	6	8
Ir60a	12	8	6
Ir60d	0	0	0
Ir7d	0	0	0
Ir7c	0	0	0
Ir7g	65	31	34
Ir64a	2308	1168	1140
