Ir75d	2322	1268	1265
Irc	1678	857	821
Iris	1	0	1
Ir21a	356	174	182
Irk3	240	125	115
Ir25a	3541	1781	1760
Ir94b	1	1	0
Ir76a	540	271	283
Ir84a	614	297	317
Ir56d	2	1	1
Ir56a	9	4	5
Ir48b	0	0	0
Ir52c	3	1	2
Ir54a	4	2	2
Ir56b	1	0	1
Ir56c	2	0	2
Ir76b	3300	1687	1613
Ir20a	0	0	0
Ir92a	401	202	199
Irk2	2357	1213	1144
Irp-1A	843	421	422
Ir85a	18	15	3
Irbp	131	63	68
Ir87a	1	1	0
Ir75c	410	194	216
Ir75a	4127	2066	2061
Ir68b	0	0	0
Ir68a	4	3	1
Ir67a	1	1	0
Irp-1B	1356	686	670
Ir94e	1	1	0
Ir94g	0	0	0
Ir41a	21	13	8
Ire1	497	250	247
Ir60e	3	2	1
Ir60a	13	7	6
Ir60d	2	0	2
Ir7d	1	0	1
Ir7c	1	1	0
Ir7g	71	37	34
Ir64a	1727	900	827
