Or65a	224	118	106
Orc5	5	2	4
Or59c	2	1	1
Or59b	1452	718	734
Or59a	0	0	0
Or98a	648	324	324
Or42b	1493	745	748
Or42a	15	11	4
Or22c	35	17	18
Or30a	0	0	0
Or24a	3	2	1
Or23a	543	272	271
Or1a	5	1	4
Or35a	346	169	177
Or83c	355	196	159
Orco	26319	13261	13058
Or82a	1336	648	688
Or56a	1146	580	566
Or47b	1553	737	816
Or43b	1611	776	835
Orc1	16	8	8
Or43a	791	402	389
Or45a	131	57	74
Or45b	23	7	16
Or47a	306	157	151
Or49a	229	127	102
Or49b	271	134	137
Or13a	185	92	93
Or19a	211	101	110
Or92a	2010	1007	1003
Or85a	571	284	287
Or85d	3	2	1
Orc2	6	5	1
Or88a	1002	511	494
Or74a	0	0	0
Orc6	8	5	3
Or69a	702	365	337
Or67c	178	84	94
Or67b	500	252	249
Or7a	696	340	356
Ork1	612	292	320
Or9a	406	200	206
Or67d	1395	660	735
Or85e	3	1	2
Or85c	1000	504	496
Or85b	2111	1021	1090
Or94a	1	0	1
Or94b	0	0	0
Or33a	171	92	79
Or33b	17	7	10
Or33c	67	28	39
Orc4	6	4	2
Or10a	336	153	184
Or63a	4	3	1
