Orc6	35	24	18
Or10a	171	97	74
Ork1	679	352	327
Or1a	10	4	8
Or13a	639	329	310
Or85d	15	9	6
Orc2	395	1035	1097
Or88a	303	170	183
Or92a	3304	1652	1652
Or83c	331	161	170
Orco	38424	19212	19217
Or82a	783	389	394
Or85e	4	2	2
Or85c	118	66	52
Or85b	332	163	169
Or94a	10	5	7
Or94b	1	0	1
Or98a	98	55	43
Or35a	539	283	256
Or43b	899	1284	1188
Orc1	23	17	11
Or43a	648	313	335
Or42b	4129	2027	2102
Or42a	126	77	84
Or45a	7	4	3
Or45b	42	19	23
Or47a	142	71	72
Or24a	3	1	2
Or22c	4	4	0
Or23a	242	125	117
Or30a	1	1	0
Or33a	70	34	36
Or33b	13	7	6
Or33c	23	11	12
Orc5	40	42	25
Or9a	329	161	168
Or7a	299	146	153
Orc4	14	14	4
Or59c	1	0	1
Or59b	5437	2656	2782
Or59a	1	0	1
Or19a	108	53	55
Or56a	577	348	335
Or47b	896	449	447
Or49a	60	31	29
Or49b	111	52	59
Or74a	0	0	0
Or69a	412	209	203
Or67c	225	113	112
Or67b	136	82	105
Or63a	41	19	22
Or65a	418	211	207
Or67d	1004	486	518
Or85a	660	311	349
