Or65a	211	96	115
Orc5	16	7	10
Or59c	2	1	1
Or59b	1405	713	692
Or59a	0	0	0
Or98a	626	323	303
Or42b	1510	769	741
Or42a	17	8	9
Or22c	33	20	13
Or30a	0	0	0
Or24a	3	2	1
Or23a	567	293	274
Or1a	7	6	1
Or35a	337	160	177
Or83c	334	171	163
Orco	25423	12607	12816
Or82a	1279	653	626
Or56a	1056	523	533
Or47b	1575	759	816
Or43b	1577	778	799
Orc1	12	5	7
Or43a	703	367	336
Or45a	113	55	58
Or45b	22	11	11
Or47a	330	172	162
Or49a	201	99	102
Or49b	268	125	143
Or13a	177	90	87
Or19a	186	98	89
Or92a	1937	981	956
Or85a	533	279	254
Or85d	3	2	1
Orc2	7	0	7
Or88a	933	501	438
Or74a	0	0	0
Orc6	8	4	4
Or69a	681	325	356
Or67c	209	114	95
Or67b	471	221	250
Or7a	679	342	337
Ork1	554	278	276
Or9a	364	171	193
Or67d	1340	656	684
Or85e	6	5	1
Or85c	965	479	486
Or85b	1990	1023	967
Or94a	1	0	1
Or94b	0	0	0
Or33a	147	77	70
Or33b	18	10	8
Or33c	72	34	38
Orc4	14	9	5
Or10a	340	174	166
Or63a	3	1	2
