Or65a	233	121	112
Orc5	7	4	4
Or59c	2	1	1
Or59b	1587	772	815
Or59a	1	0	1
Or98a	716	372	344
Or42b	1504	756	748
Or42a	12	6	6
Or22c	43	24	19
Or30a	0	0	0
Or24a	1	1	0
Or23a	559	285	274
Or1a	5	1	4
Or35a	392	192	200
Or83c	344	180	164
Orco	27475	13634	13841
Or82a	1416	707	709
Or56a	1171	574	597
Or47b	1716	889	827
Or43b	1762	908	855
Orc1	10	4	6
Or43a	741	358	383
Or45a	134	73	61
Or45b	18	8	10
Or47a	350	176	174
Or49a	215	99	116
Or49b	261	135	126
Or13a	215	125	90
Or19a	178	92	86
Or92a	2113	1045	1068
Or85a	588	294	294
Or85d	2	1	1
Orc2	8	6	2
Or88a	1108	599	513
Or74a	0	0	0
Orc6	6	3	3
Or69a	771	396	375
Or67c	265	122	143
Or67b	548	280	268
Or7a	651	316	335
Ork1	600	298	302
Or9a	380	170	210
Or67d	1366	727	639
Or85e	2	0	2
Or85c	1043	535	508
Or85b	2153	1086	1067
Or94a	0	0	0
Or94b	0	0	0
Or33a	163	78	85
Or33b	13	7	6
Or33c	81	42	39
Orc4	10	5	5
Or10a	347	157	190
Or63a	0	0	0
