Orc6	27	18	16
Or10a	155	82	73
Ork1	608	291	318
Or1a	10	6	7
Or13a	651	301	350
Or85d	10	5	5
Orc2	356	966	1009
Or88a	301	196	182
Or92a	3105	1599	1507
Or83c	292	136	156
Orco	36711	18445	18272
Or82a	782	395	387
Or85e	0	0	0
Or85c	101	52	49
Or85b	304	153	152
Or94a	2	3	0
Or94b	0	0	0
Or98a	77	45	32
Or35a	549	272	277
Or43b	897	1150	1183
Orc1	34	14	21
Or43a	677	373	304
Or42b	4029	1983	2046
Or42a	100	64	68
Or45a	4	1	4
Or45b	41	22	19
Or47a	131	67	64
Or24a	2	1	1
Or22c	2	2	0
Or23a	226	116	110
Or30a	1	0	1
Or33a	70	38	32
Or33b	15	8	7
Or33c	12	9	3
Orc5	34	38	24
Or9a	309	165	144
Or7a	291	145	146
Orc4	6	4	5
Or59c	0	1	2
Or59b	5341	2703	2638
Or59a	0	0	0
Or19a	103	49	54
Or56a	535	325	303
Or47b	853	451	402
Or49a	76	39	37
Or49b	107	56	51
Or74a	1	1	0
Or69a	415	215	200
Or67c	241	127	114
Or67b	134	111	77
Or63a	52	34	18
Or65a	404	206	198
Or67d	1005	517	488
Or85a	669	325	344
