Orc6	36	20	19
Or10a	153	84	69
Ork1	747	372	375
Or1a	8	5	7
Or13a	743	371	373
Or85d	16	8	8
Orc2	416	1085	1160
Or88a	293	169	175
Or92a	3502	1733	1769
Or83c	313	161	152
Orco	39513	19609	19918
Or82a	838	427	411
Or85e	3	3	0
Or85c	130	66	64
Or85b	359	170	189
Or94a	4	3	3
Or94b	0	0	0
Or98a	92	45	47
Or35a	594	318	276
Or43b	986	1243	1290
Orc1	39	20	19
Or43a	684	359	325
Or42b	4238	2056	2182
Or42a	115	61	77
Or45a	3	0	3
Or45b	39	18	21
Or47a	141	83	59
Or24a	2	1	1
Or22c	9	4	5
Or23a	271	140	131
Or30a	3	1	2
Or33a	60	33	27
Or33b	7	2	5
Or33c	13	8	5
Orc5	42	34	41
Or9a	325	156	169
Or7a	290	142	148
Orc4	18	10	10
Or59c	1	2	1
Or59b	5651	2853	2800
Or59a	0	0	0
Or19a	126	64	62
Or56a	586	339	372
Or47b	1001	516	485
Or49a	78	37	41
Or49b	130	71	59
Or74a	5	3	2
Or69a	429	232	197
Or67c	258	133	125
Or67b	139	92	99
Or63a	43	19	24
Or65a	414	210	204
Or67d	1079	530	549
Or85a	671	361	310
