Obp57e	10	5	5
Obp57d	10	2	8
Obp93a	12	7	5
Obp58c	374	203	172
Obp59a	16476	11115	10725
Obp58b	1349	698	651
Obp58d	88	48	40
Obp22a	0	0	0
Obp84a	16737	8545	8200
Obp83g	85	42	43
Obp83ef	648	318	334
Obp83b	122202	62397	59806
Obp83a	94169	47681	46489
Obp83cd	167	75	96
Obp56g	276	144	132
Obp56c	228	107	121
Obp56b	6	2	4
Obp51a	0	0	0
Obp50e	3	2	1
Obp50a	237	132	113
Obp49a	373	192	181
Obp47b	52	26	26
Obp46a	0	0	0
Obp44a	4622	2326	2296
Obp47a	0	0	0
Obp50b	11	8	3
Obp50c	5	2	3
Obp50d	0	0	0
Obp56a	78	34	44
Obp56h	10	5	5
Obp56i	1	0	1
Obp57c	20186	10209	9977
Obp57b	5841	2980	2861
Obp57a	837	410	427
Obp19c	1062	505	557
Obp19a	73698	37060	36639
Obp19b	701	332	369
Obp19d	320162	162019	158160
Obp56d	134105	67607	66498
Obp56e	18	12	6
Obp56f	19	9	10
Obp69a	19049	13332	13065
Obp73a	72	38	34
Obp85a	6	0	6
Obp99b	1141	610	531
Obp99a	135	68	67
Obp8a	52	30	22
Obp99c	508	252	259
Obp99d	21	11	10
Obp28a	137753	70084	67674
