Obp57e	9	5	4
Obp57d	9	7	2
Obp93a	18	10	13
Obp58c	347	179	168
Obp59a	15921	10519	10471
Obp58b	1306	652	654
Obp58d	85	43	42
Obp22a	0	0	0
Obp84a	15986	8165	7825
Obp83g	77	29	48
Obp83ef	642	334	318
Obp83b	117736	60175	57562
Obp83a	90268	45518	44750
Obp83cd	151	85	76
Obp56g	278	134	144
Obp56c	226	120	106
Obp56b	0	0	0
Obp51a	0	0	0
Obp50e	2	0	2
Obp50a	232	130	113
Obp49a	353	178	175
Obp47b	61	29	33
Obp46a	5	4	1
Obp44a	4340	2171	2169
Obp47a	0	0	0
Obp50b	13	8	5
Obp50c	10	6	4
Obp50d	0	0	0
Obp56a	68	35	33
Obp56h	4	4	0
Obp56i	1	0	1
Obp57c	19248	9883	9366
Obp57b	5643	2872	2772
Obp57a	815	422	393
Obp19c	1025	528	497
Obp19a	70603	35270	35333
Obp19b	690	330	360
Obp19d	308490	155865	152637
Obp56d	127334	64235	63100
Obp56e	22	12	11
Obp56f	21	8	13
Obp69a	18454	12919	12534
Obp73a	73	35	38
Obp85a	4	0	4
Obp99b	1137	572	565
Obp99a	144	66	78
Obp8a	67	29	38
Obp99c	459	238	222
Obp99d	9	5	4
Obp28a	132461	67381	65081
