Obp57e	8	3	5
Obp57d	6	4	2
Obp93a	8	4	5
Obp58c	222	118	104
Obp59a	8737	5865	6059
Obp58b	746	358	388
Obp58d	43	26	17
Obp22a	0	0	0
Obp84a	12598	6374	6229
Obp83g	51	27	24
Obp83ef	261	125	143
Obp83b	54524	27537	26987
Obp83a	50916	25679	25237
Obp83cd	57	32	32
Obp56g	152	71	81
Obp56c	137	69	68
Obp56b	2	1	1
Obp51a	2	1	1
Obp50e	0	0	0
Obp50a	254	134	127
Obp49a	450	231	219
Obp47b	42	24	18
Obp46a	1	0	1
Obp44a	1073	541	532
Obp47a	0	0	0
Obp50b	1	0	1
Obp50c	0	0	0
Obp50d	0	0	0
Obp56a	50	23	27
Obp56h	5	1	4
Obp56i	1	0	1
Obp57c	10845	5322	5523
Obp57b	2638	1303	1335
Obp57a	350	174	176
Obp19c	1538	745	793
Obp19a	91881	45289	46593
Obp19b	1223	593	630
Obp19d	333459	166630	166843
Obp56d	92710	46378	46333
Obp56e	9	7	3
Obp56f	1	1	0
Obp69a	10835	7678	7591
Obp73a	43	24	19
Obp85a	8	3	5
Obp99b	193	96	97
Obp99a	39	23	16
Obp8a	54	26	28
Obp99c	153	65	91
Obp99d	26	15	11
Obp28a	115617	58354	57264
