Obp57e	6	3	3
Obp57d	10	6	4
Obp93a	5	3	3
Obp58c	362	217	145
Obp59a	10839	7893	7514
Obp58b	839	408	432
Obp58d	88	44	44
Obp22a	1	1	0
Obp84a	10386	5362	5028
Obp83g	29	18	11
Obp83ef	446	233	222
Obp83b	62844	32056	30789
Obp83a	52644	26652	25993
Obp83cd	115	63	61
Obp56g	73	35	38
Obp56c	115	57	58
Obp56b	0	0	0
Obp51a	0	0	0
Obp50e	2	1	1
Obp50a	183	95	96
Obp49a	258	134	124
Obp47b	54	26	28
Obp46a	2	2	0
Obp44a	3705	1891	1814
Obp47a	0	0	0
Obp50b	0	0	0
Obp50c	0	0	0
Obp50d	0	0	0
Obp56a	55	25	30
Obp56h	5	2	3
Obp56i	0	0	0
Obp57c	14643	7387	7256
Obp57b	3832	1918	1914
Obp57a	562	265	297
Obp19c	1320	636	684
Obp19a	80950	40566	40385
Obp19b	1006	521	485
Obp19d	332567	167853	164728
Obp56d	80998	40928	40070
Obp56e	11	6	5
Obp56f	0	0	0
Obp69a	10379	7441	7246
Obp73a	56	30	26
Obp85a	2	1	1
Obp99b	1658	849	809
Obp99a	174	83	91
Obp8a	72	42	30
Obp99c	525	273	252
Obp99d	16	6	10
Obp28a	113550	57789	55762
