Obp57e	7	4	3
Obp57d	4	2	2
Obp93a	5	5	3
Obp58c	134	74	60
Obp59a	8297	5627	5531
Obp58b	728	362	366
Obp58d	24	13	11
Obp22a	0	0	0
Obp84a	11721	5917	5808
Obp83g	62	35	27
Obp83ef	266	130	138
Obp83b	63867	32448	31419
Obp83a	59003	29704	29299
Obp83cd	46	23	25
Obp56g	217	111	106
Obp56c	177	85	92
Obp56b	0	0	0
Obp51a	0	0	0
Obp50e	2	1	1
Obp50a	236	121	118
Obp49a	372	183	189
Obp47b	34	17	17
Obp46a	0	0	0
Obp44a	782	402	380
Obp47a	0	0	0
Obp50b	0	0	0
Obp50c	1	0	1
Obp50d	0	0	0
Obp56a	68	36	32
Obp56h	11	4	7
Obp56i	1	0	1
Obp57c	12572	6366	6206
Obp57b	2814	1376	1438
Obp57a	376	189	187
Obp19c	825	417	408
Obp19a	48061	23498	24564
Obp19b	575	310	265
Obp19d	188394	94458	93943
Obp56d	90721	45359	45365
Obp56e	10	5	8
Obp56f	1	0	1
Obp69a	11140	7969	7764
Obp73a	51	32	19
Obp85a	4	4	0
Obp99b	125	65	60
Obp99a	18	7	11
Obp8a	28	14	14
Obp99c	124	71	54
Obp99d	16	9	7
Obp28a	92986	46812	46174
