Obp57e	6	5	1
Obp57d	7	1	6
Obp93a	3	2	2
Obp58c	344	150	194
Obp59a	11230	7942	7900
Obp58b	831	426	405
Obp58d	100	52	48
Obp22a	0	0	0
Obp84a	11029	5637	5399
Obp83g	55	27	28
Obp83ef	468	235	241
Obp83b	65797	33524	32274
Obp83a	54985	27822	27164
Obp83cd	124	71	61
Obp56g	65	32	33
Obp56c	104	55	49
Obp56b	1	0	1
Obp51a	1	1	0
Obp50e	0	0	0
Obp50a	183	98	89
Obp49a	315	159	157
Obp47b	40	15	25
Obp46a	0	0	0
Obp44a	3841	1938	1903
Obp47a	0	0	0
Obp50b	0	0	0
Obp50c	0	0	0
Obp50d	0	0	0
Obp56a	43	21	22
Obp56h	5	2	3
Obp56i	1	0	1
Obp57c	15328	7711	7618
Obp57b	4058	2014	2044
Obp57a	578	259	319
Obp19c	1340	664	676
Obp19a	84084	41888	42196
Obp19b	1002	517	485
Obp19d	342879	173259	169630
Obp56d	84715	42738	41977
Obp56e	8	3	5
Obp56f	1	1	0
Obp69a	11197	8034	7906
Obp73a	60	28	32
Obp85a	3	1	2
Obp99b	1663	820	843
Obp99a	187	91	96
Obp8a	59	28	31
Obp99c	534	257	278
Obp99d	15	9	6
Obp28a	118543	60487	58059
