Obp83a	123478	62569	60909
Obp83b	87566	44481	43086
Obp57e	29	19	10
Obp19c	337	179	158
Obp8a	11	6	5
Obp19d	270792	136463	134430
Obp99b	2952	1518	1435
Obp99c	1961	1108	1036
Obp84a	302	7355	7439
Obp83g	58	30	28
Obp83ef	301	180	166
Obp93a	9	7	8
Obp99a	214	106	108
Obp99d	280	254	254
Obp44a	12260	6218	6044
Obp47a	0	0	0
Obp28a	95006	47884	47124
Obp19a	16695	8338	8357
Obp58c	188	106	88
Obp56g	87	37	50
Obp56c	53	29	24
Obp56b	24	11	13
Obp51a	0	0	0
Obp50e	12	8	4
Obp50a	14	7	9
Obp49a	254	128	126
Obp47b	112	53	62
Obp46a	0	0	0
Obp57d	46	24	22
Obp83cd	134	79	100
Obp50b	0	0	0
Obp50c	27	12	15
Obp50d	0	0	0
Obp56a	367	180	187
Obp56e	1673	864	809
Obp56f	80	45	35
Obp56h	579	284	295
Obp56i	15	7	8
Obp57c	18690	9361	9330
Obp57b	4624	2376	2248
Obp57a	459	223	236
Obp59a	28912	23768	23443
Obp58b	903	439	467
Obp58d	25	14	15
Obp69a	13798	9855	9619
Obp73a	6	6	1
Obp56d	23523	11734	11790
