Obp83a	153038	76630	76409
Obp83b	102356	51734	50623
Obp57e	31	16	15
Obp19c	1048	533	520
Obp8a	14	7	7
Obp19d	565069	282729	282668
Obp99b	4338	2134	2204
Obp99c	3076	1628	1671
Obp84a	295	9207	9221
Obp83g	87	45	42
Obp83ef	471	250	283
Obp93a	12	12	4
Obp99a	85	38	47
Obp99d	189	92	97
Obp44a	13033	6422	6612
Obp47a	0	0	0
Obp28a	184931	92173	92761
Obp19a	31385	15502	15883
Obp58c	308	163	150
Obp56g	25	13	12
Obp56c	37	11	26
Obp56b	10	9	2
Obp51a	0	0	0
Obp50e	7	3	5
Obp50a	9	4	5
Obp49a	325	163	162
Obp47b	176	82	96
Obp46a	0	0	0
Obp57d	48	18	30
Obp83cd	193	124	131
Obp50b	0	0	0
Obp50c	0	0	0
Obp50d	0	0	0
Obp56a	459	212	248
Obp56e	2079	1030	1050
Obp56f	41	24	17
Obp56h	761	379	382
Obp56i	0	0	0
Obp57c	26822	13370	13456
Obp57b	5151	2647	2504
Obp57a	513	257	256
Obp59a	38851	33213	32837
Obp58b	1121	579	542
Obp58d	30	22	13
Obp69a	15847	11685	11496
Obp73a	11	6	9
Obp56d	34129	16883	17248
