Obp57e	7	3	4
Obp57d	8	3	5
Obp93a	10	5	6
Obp58c	224	109	115
Obp59a	8704	5955	5864
Obp58b	725	357	368
Obp58d	53	31	22
Obp22a	0	0	0
Obp84a	12006	6095	5916
Obp83g	64	34	30
Obp83ef	282	144	141
Obp83b	52169	26267	25902
Obp83a	48789	24352	24437
Obp83cd	72	36	39
Obp56g	154	82	72
Obp56c	146	65	81
Obp56b	2	1	1
Obp51a	2	1	1
Obp50e	3	2	1
Obp50a	248	121	132
Obp49a	435	218	217
Obp47b	38	21	17
Obp46a	1	1	0
Obp44a	979	490	489
Obp47a	0	0	0
Obp50b	1	0	1
Obp50c	0	0	0
Obp50d	0	0	0
Obp56a	60	29	31
Obp56h	5	3	2
Obp56i	0	0	0
Obp57c	10352	5187	5165
Obp57b	2544	1294	1250
Obp57a	305	157	148
Obp19c	1529	774	756
Obp19a	88883	44339	44545
Obp19b	1143	574	569
Obp19d	319427	160061	159382
Obp56d	88852	44386	44466
Obp56e	5	1	4
Obp56f	1	1	0
Obp69a	10215	7300	7232
Obp73a	26	15	11
Obp85a	7	4	3
Obp99b	201	101	100
Obp99a	41	21	20
Obp8a	45	28	17
Obp99c	157	80	79
Obp99d	20	13	7
Obp28a	111278	55917	55361
