Obp83a	118648	59882	58766
Obp83b	83989	42999	40990
Obp57e	32	17	15
Obp19c	323	165	160
Obp8a	22	7	15
Obp19d	260735	131294	129536
Obp99b	2793	1382	1412
Obp99c	1943	1078	1004
Obp84a	287	7115	7203
Obp83g	57	36	21
Obp83ef	295	177	168
Obp93a	16	6	10
Obp99a	189	93	96
Obp99d	277	253	221
Obp44a	12076	6160	5916
Obp47a	0	0	0
Obp28a	91420	45991	45432
Obp19a	15900	7852	8050
Obp58c	168	74	97
Obp56g	90	37	53
Obp56c	47	25	22
Obp56b	12	2	10
Obp51a	0	0	0
Obp50e	9	2	7
Obp50a	10	8	3
Obp49a	208	100	108
Obp47b	110	59	52
Obp46a	2	1	1
Obp57d	34	13	21
Obp83cd	144	106	88
Obp50b	0	0	0
Obp50c	21	9	12
Obp50d	0	0	0
Obp56a	348	162	186
Obp56e	1611	838	773
Obp56f	73	34	39
Obp56h	554	300	254
Obp56i	13	12	3
Obp57c	17974	9073	8903
Obp57b	4383	2169	2214
Obp57a	496	264	232
Obp59a	27797	22815	22622
Obp58b	833	403	434
Obp58d	21	10	13
Obp69a	12918	9302	9042
Obp73a	13	7	6
Obp56d	22569	11212	11358
