Obp83a	127473	64240	63233
Obp83b	90947	46246	44701
Obp57e	28	16	12
Obp19c	335	169	169
Obp8a	10	7	3
Obp19d	277768	140046	137828
Obp99b	2995	1533	1463
Obp99c	2043	1124	1093
Obp84a	292	7794	7772
Obp83g	56	30	26
Obp83ef	316	181	187
Obp93a	15	9	7
Obp99a	206	101	105
Obp99d	256	227	239
Obp44a	12794	6425	6370
Obp47a	0	0	0
Obp28a	97501	49235	48268
Obp19a	17201	8512	8689
Obp58c	167	96	74
Obp56g	85	44	41
Obp56c	52	28	24
Obp56b	15	8	7
Obp51a	0	0	0
Obp50e	3	3	0
Obp50a	5	0	5
Obp49a	250	127	123
Obp47b	110	56	54
Obp46a	0	0	0
Obp57d	43	20	23
Obp83cd	140	96	96
Obp50b	0	0	0
Obp50c	19	8	11
Obp50d	1	1	0
Obp56a	393	202	191
Obp56e	1728	885	843
Obp56f	103	59	44
Obp56h	623	302	321
Obp56i	11	6	5
Obp57c	19724	9955	9770
Obp57b	4853	2375	2478
Obp57a	492	249	243
Obp59a	29828	24393	24157
Obp58b	948	486	466
Obp58d	19	10	11
Obp69a	14265	10358	9873
Obp73a	10	5	5
Obp56d	24716	12242	12476
