Obp57e	5	3	2
Obp57d	12	9	3
Obp93a	2	1	1
Obp58c	138	74	64
Obp59a	8676	5816	5830
Obp58b	730	375	355
Obp58d	31	16	15
Obp22a	1	1	0
Obp84a	12252	6191	6065
Obp83g	72	43	29
Obp83ef	274	125	151
Obp83b	66907	34021	32886
Obp83a	61506	31041	30465
Obp83cd	41	26	17
Obp56g	245	129	116
Obp56c	177	91	86
Obp56b	3	1	2
Obp51a	1	0	1
Obp50e	3	3	0
Obp50a	193	84	119
Obp49a	381	191	190
Obp47b	35	18	17
Obp46a	1	0	1
Obp44a	806	392	414
Obp47a	0	0	0
Obp50b	0	1	0
Obp50c	0	0	0
Obp50d	0	0	0
Obp56a	75	42	33
Obp56h	9	2	7
Obp56i	0	0	0
Obp57c	13217	6607	6611
Obp57b	2893	1472	1421
Obp57a	381	192	189
Obp19c	882	450	432
Obp19a	50084	24762	25324
Obp19b	605	301	304
Obp19d	194632	97423	97217
Obp56d	94612	47395	47218
Obp56e	9	3	7
Obp56f	2	1	1
Obp69a	11725	8234	8078
Obp73a	50	22	28
Obp85a	3	3	0
Obp99b	130	63	67
Obp99a	15	7	8
Obp8a	25	8	17
Obp99c	112	65	49
Obp99d	23	12	11
Obp28a	97148	49122	48027
