Obp83a	159417	80220	79199
Obp83b	106213	53591	52622
Obp57e	35	20	15
Obp19c	1049	518	531
Obp8a	17	5	12
Obp19d	586405	293178	293538
Obp99b	4404	2176	2229
Obp99c	3263	1827	1701
Obp84a	300	9461	9576
Obp83g	77	37	41
Obp83ef	474	296	266
Obp93a	12	8	9
Obp99a	87	49	38
Obp99d	234	127	110
Obp44a	13825	6787	7039
Obp47a	0	0	0
Obp28a	191698	95098	96609
Obp19a	32420	15966	16458
Obp58c	352	166	189
Obp56g	32	13	19
Obp56c	42	22	20
Obp56b	8	5	4
Obp51a	0	0	0
Obp50e	6	4	2
Obp50a	11	5	7
Obp49a	315	151	164
Obp47b	186	89	98
Obp46a	0	0	0
Obp57d	40	20	20
Obp83cd	181	127	143
Obp50b	0	0	0
Obp50c	1	0	1
Obp50d	0	0	0
Obp56a	492	262	231
Obp56e	2126	1062	1065
Obp56f	33	18	15
Obp56h	809	415	394
Obp56i	0	0	0
Obp57c	27868	13984	13887
Obp57b	5485	2794	2691
Obp57a	562	306	256
Obp59a	40592	34441	34571
Obp58b	1077	546	533
Obp58d	36	21	16
Obp69a	16144	11933	11792
Obp73a	17	10	7
Obp56d	35826	17806	18021
