Obp57e	8	5	3
Obp57d	5	3	2
Obp93a	7	3	4
Obp58c	255	119	136
Obp59a	9092	6312	6137
Obp58b	778	406	372
Obp58d	52	31	21
Obp22a	1	0	1
Obp84a	13269	6712	6565
Obp83g	72	36	36
Obp83ef	267	143	129
Obp83b	56888	28612	28277
Obp83a	52791	26663	26128
Obp83cd	80	39	46
Obp56g	159	82	77
Obp56c	137	62	75
Obp56b	1	0	1
Obp51a	1	0	1
Obp50e	2	1	1
Obp50a	274	135	147
Obp49a	466	244	222
Obp47b	50	20	30
Obp46a	1	0	1
Obp44a	1056	542	514
Obp47a	0	0	0
Obp50b	1	1	0
Obp50c	1	1	0
Obp50d	0	0	0
Obp56a	55	28	27
Obp56h	2	1	1
Obp56i	0	0	0
Obp57c	11409	5742	5667
Obp57b	2791	1393	1398
Obp57a	366	186	180
Obp19c	1689	848	841
Obp19a	95416	47035	48384
Obp19b	1309	657	652
Obp19d	340870	171008	169871
Obp56d	96707	48364	48345
Obp56e	13	5	9
Obp56f	2	3	0
Obp69a	11297	7884	8055
Obp73a	35	22	13
Obp85a	14	9	5
Obp99b	227	114	113
Obp99a	30	15	15
Obp8a	57	24	33
Obp99c	172	92	81
Obp99d	22	17	5
Obp28a	117783	59394	58391
