Obp57e	10	4	6
Obp57d	12	7	5
Obp93a	17	12	9
Obp58c	409	225	185
Obp59a	16821	11141	11181
Obp58b	1397	705	693
Obp58d	103	49	54
Obp22a	2	0	2
Obp84a	17371	8793	8583
Obp83g	61	32	29
Obp83ef	667	333	344
Obp83b	126653	64753	61902
Obp83a	97357	49354	48003
Obp83cd	153	73	90
Obp56g	313	168	145
Obp56c	207	115	92
Obp56b	4	2	2
Obp51a	0	0	0
Obp50e	3	2	1
Obp50a	212	112	104
Obp49a	407	199	208
Obp47b	64	31	33
Obp46a	1	1	0
Obp44a	4683	2356	2327
Obp47a	0	0	0
Obp50b	8	4	4
Obp50c	14	6	8
Obp50d	0	0	0
Obp56a	69	29	40
Obp56h	6	4	2
Obp56i	0	0	0
Obp57c	21157	10682	10475
Obp57b	6123	3071	3052
Obp57a	875	461	414
Obp19c	1086	518	568
Obp19a	75619	37688	37933
Obp19b	755	408	347
Obp19d	330139	166650	163507
Obp56d	139849	70119	69732
Obp56e	17	8	11
Obp56f	20	10	10
Obp69a	20193	14111	13623
Obp73a	94	47	47
Obp85a	2	1	1
Obp99b	1143	559	584
Obp99a	138	69	69
Obp8a	62	33	29
Obp99c	491	236	255
Obp99d	24	8	16
Obp28a	141289	71779	69515
