Obp57e	12	6	6
Obp57d	5	2	3
Obp93a	6	6	1
Obp58c	134	67	67
Obp59a	8651	5771	6018
Obp58b	791	402	389
Obp58d	35	14	21
Obp22a	0	0	0
Obp84a	12455	6252	6209
Obp83g	69	37	32
Obp83ef	270	145	126
Obp83b	68770	34770	34000
Obp83a	63279	31802	31477
Obp83cd	60	30	31
Obp56g	250	120	130
Obp56c	167	74	93
Obp56b	6	2	4
Obp51a	2	2	0
Obp50e	4	2	2
Obp50a	255	148	115
Obp49a	405	186	219
Obp47b	35	12	23
Obp46a	1	1	0
Obp44a	777	375	402
Obp47a	0	0	0
Obp50b	0	0	0
Obp50c	0	0	0
Obp50d	1	1	0
Obp56a	64	30	34
Obp56h	13	7	6
Obp56i	0	0	0
Obp57c	13723	6891	6832
Obp57b	3061	1534	1527
Obp57a	399	209	190
Obp19c	866	424	442
Obp19a	51185	25211	25975
Obp19b	629	328	301
Obp19d	198189	99074	99121
Obp56d	97326	48399	48928
Obp56e	8	8	1
Obp56f	1	1	0
Obp69a	12264	8665	8555
Obp73a	41	19	22
Obp85a	4	4	0
Obp99b	129	59	70
Obp99a	21	10	11
Obp8a	29	16	13
Obp99c	123	57	66
Obp99d	21	11	10
Obp28a	98956	49815	49142
