Obp57e	3	0	3
Obp57d	12	6	6
Obp93a	11	8	4
Obp58c	396	205	191
Obp59a	11207	7917	8021
Obp58b	878	447	431
Obp58d	86	42	44
Obp22a	1	1	0
Obp84a	10900	5509	5395
Obp83g	48	28	20
Obp83ef	466	239	240
Obp83b	65210	33398	31814
Obp83a	55083	27644	27439
Obp83cd	120	63	70
Obp56g	80	41	39
Obp56c	114	55	59
Obp56b	2	1	1
Obp51a	0	0	0
Obp50e	1	1	0
Obp50a	149	69	86
Obp49a	334	156	178
Obp47b	41	23	18
Obp46a	2	1	1
Obp44a	3852	1958	1894
Obp47a	0	0	0
Obp50b	1	0	1
Obp50c	0	0	0
Obp50d	0	0	0
Obp56a	48	18	30
Obp56h	6	5	1
Obp56i	0	0	0
Obp57c	15312	7687	7626
Obp57b	3949	1998	1951
Obp57a	521	261	260
Obp19c	1325	650	675
Obp19a	84150	41577	42575
Obp19b	949	487	462
Obp19d	343093	172786	170322
Obp56d	83682	42077	41606
Obp56e	17	13	5
Obp56f	2	1	1
Obp69a	10832	7787	7533
Obp73a	58	25	33
Obp85a	0	0	0
Obp99b	1613	804	809
Obp99a	186	100	86
Obp8a	53	24	29
Obp99c	530	269	262
Obp99d	12	8	4
Obp28a	117947	59709	58238
